%YAML:1.0
---
CameraExtrinsicMat: !!opencv-matrix
   rows: 4
   cols: 4
   dt: d
   data: [ 5.2224563899719856e-02, -1.1427575336104923e-01,
       9.9207542410809091e-01, 8.3518222647100224e-02,
       -9.9585436201649125e-01, -8.0047457957678647e-02,
       4.3202941187387378e-02, 3.6107648848224962e-02,
       7.4476067150536840e-02, -9.9021889331009949e-01,
       -1.1798245104044236e-01, -1.1143539521926646e-01, 0., 0., 0., 1. ]
CameraMat: !!opencv-matrix
   rows: 3
   cols: 3
   dt: d
   data: [ 3.4418097242401626e+02, 0., 3.2458617484073176e+02, 0.,
       3.4563916298843048e+02, 1.9211397152852740e+02, 0., 0., 1. ]
DistCoeff: !!opencv-matrix
   rows: 5
   cols: 1
   dt: d
   data: [ -1.7678355204818064e-01, 1.8078944429298624e-02,
       4.5218816727862315e-04, 5.0602906989404336e-03,
       -1.3457506020165924e-02 ]
ImageSize: [ 672, 376 ]
ReprojectionError: 5.3939180849818424e-01
DistModel: plumb_bob
