%YAML:1.0
---
CameraExtrinsicMat: !!opencv-matrix
   rows: 4
   cols: 4
   dt: d
   data: [ -1.4666842483996412e-02, -1.7181455299361220e-01,
       9.8502012320112242e-01, 9.7743829425770187e-02,
       -9.9926938630162376e-01, -3.2252859062550154e-02,
       -2.0504796577074380e-02, 5.9410752209770837e-02,
       3.5292737665496787e-02, -9.8460119462749796e-01,
       -1.7121597532408561e-01, -1.0999668509417851e-01, 0., 0., 0., 1. ]
CameraMat: !!opencv-matrix
   rows: 3
   cols: 3
   dt: d
   data: [ 3.4264047741443761e+02, 0., 3.3109260534707511e+02, 0.,
       3.4583771032825285e+02, 2.1818938841324109e+02, 0., 0., 1. ]
DistCoeff: !!opencv-matrix
   rows: 5
   cols: 1
   dt: d
   data: [ -1.5872528809575465e-01, -1.1052957575673704e-02,
       5.2679129475504318e-03, 4.8411787208816432e-03,
       6.8867361200446531e-03 ]
ImageSize: [ 672, 376 ]
ReprojectionError: 5.1806693292796702e-01
DistModel: plumb_bob
