%YAML:1.0
---
CameraExtrinsicMat: !!opencv-matrix
   rows: 4
   cols: 4
   dt: d
   data: [ 3.7229878682298434e-02, -2.1552431291241614e-01,
       9.7578850509571602e-01, 1.1378705501556396e-01,
       -9.9916083961642277e-01, -2.4712969842413446e-02,
       3.2663216292535824e-02, 4.1362512856721878e-02,
       1.7074914650045570e-02, -9.7618570961943441e-01,
       -2.1626351431643476e-01, 3.3410631120204926e-02, 0., 0., 0., 1. ]
CameraMat: !!opencv-matrix
   rows: 3
   cols: 3
   dt: d
   data: [ 3.4382080527897318e+02, 0., 3.3071493111408205e+02, 0.,
       3.4440498838384099e+02, 1.8873006379616257e+02, 0., 0., 1. ]
DistCoeff: !!opencv-matrix
   rows: 1
   cols: 5
   dt: d
   data: [ -1.6226338151758504e-01, 2.2063966531220086e-02,
       2.5182312303651298e-04, -7.4965230156653754e-04, 0. ]
ImageSize: [ 672, 376 ]
ReprojectionError: 0
DistModel: plumb_bob
