%YAML:1.0
---
CameraExtrinsicMat: !!opencv-matrix
   rows: 4
   cols: 4
   dt: d
   data: [ 7.533745e-03, -9.999714e-01, -6.166020e-04, -4.069766e-03,
           1.480249e-02, 7.280733e-04, -9.998902e-01, -7.631618e-02,
           9.998621e-01, 7.523790e-03, 1.480755e-02, -2.717806e-01,
           0.0, 0.0, 0.0, 1.0 ]
CameraMat: !!opencv-matrix
   rows: 3
   cols: 3
   dt: d
   data: [ 9.597910e+02, 0.000000e+00, 6.960217e+02, 
           0.000000e+00, 9.569251e+02, 2.241806e+02, 
           0.000000e+00, 0.000000e+00, 1.000000e+00 ]
DistCoeff: !!opencv-matrix
   rows: 5
   cols: 1
   dt: d
   data: [ -3.691481e-01, 1.968681e-01, 1.353473e-03, 5.677587e-04, -6.770705e-02 ]
ImageSize: [ 1242, 375 ]
ReprojectionError: 5.3939180849818424e-01
DistModel: plumb_bob
