%YAML:1.0
---
CameraExtrinsicMat: !!opencv-matrix
   rows: 4
   cols: 4
   dt: d
   data: [ 1.8134532513002011e-02, 3.2194899789585452e-02,
       9.9931708038943956e-01, 9.3387279879779891e-02,
       -9.9748887126742536e-01, 6.9020645844512951e-02,
       1.5877724800617610e-02, 5.6335311666596714e-02,
       -6.8462328533089700e-02, -9.9709560167255007e-01,
       3.3365711397817188e-02, -7.5826531107242703e-02, 0., 0., 0., 1. ]
CameraMat: !!opencv-matrix
   rows: 3
   cols: 3
   dt: d
   data: [ 2.6777595875350863e+02, 0., 3.2134633706235536e+02, 0.,
       2.6779882705592797e+02, 2.0899957935488504e+02, 0., 0., 1. ]
DistCoeff: !!opencv-matrix
   rows: 5
   cols: 1
   dt: d
   data: [ -1.1351548535672330e-01, 1.1863568391644448e-01,
       -1.9436726771771784e-05, 9.2052523211896733e-04,
       -5.6695027977812465e-02 ]
ImageSize: [ 672, 376 ]
ReprojectionError: 3.3421050662876939e-01
