%YAML:1.0
---
CameraExtrinsicMat: !!opencv-matrix
   rows: 4
   cols: 4
   dt: d
   data: [ 2.0801702451481829e-02, 4.0982524094347828e-02,
       9.9894330264233533e-01, 9.0984262982821210e-02,
       -9.9655367002042095e-01, 8.1099695862494214e-02,
       1.7424755373929679e-02, 5.9513116040776033e-02,
       -8.0299887571218809e-02, -9.9586307896711745e-01,
       4.2528296535159882e-02, -7.0257049875693381e-02, 0., 0., 0., 1. ]
CameraMat: !!opencv-matrix
   rows: 3
   cols: 3
   dt: d
   data: [ 2.6772687921652778e+02, 0., 3.2153589416804328e+02, 0.,
       2.6768042451170481e+02, 2.0718135922830075e+02, 0., 0., 1. ]
DistCoeff: !!opencv-matrix
   rows: 5
   cols: 1
   dt: d
   data: [ -1.0195492192476541e-01, 1.0712288123605733e-01,
       -4.3837236984784839e-04, 2.2350709862322012e-04,
       -5.2295740151587146e-02 ]
ImageSize: [ 672, 376 ]
ReprojectionError: 3.3936636558801714e-01
