%YAML:1.0
---
CameraExtrinsicMat: !!opencv-matrix
   rows: 4
   cols: 4
   dt: d
   data: [ 2.2145052259860187e-02, 7.5502050331280435e-02,
       9.9689971263722454e-01, 9.4166420183466049e-02,
       -9.9148259725969456e-01, 1.2966617379235268e-01,
       1.2204208504522474e-02, 6.1229261873760613e-02,
       -1.2834272862760304e-01, -9.8867897912812142e-01,
       7.7730433155857703e-02, -7.5631580946925001e-02, 0., 0., 0., 1. ]
CameraMat: !!opencv-matrix
   rows: 3
   cols: 3
   dt: d
   data: [ 2.6836273319397742e+02, 0., 3.2156743196095908e+02, 0.,
       2.6834202079099782e+02, 2.0850147739309384e+02, 0., 0., 1. ]
DistCoeff: !!opencv-matrix
   rows: 5
   cols: 1
   dt: d
   data: [ -1.0736259703305820e-01, 1.1339023617022446e-01,
       7.0836353454533968e-04, 1.1992719182853707e-03,
       -5.6775778214849013e-02 ]
ImageSize: [ 672, 376 ]
ReprojectionError: 3.3431301607383052e-01
